9108
7641
5677
5665
5512
5501
4812
4589
4525
4460
4308
4306
4202
3969
3886
3872
3860
3766
3754
3703
3698
3657
3632
3628
3622
3612
3608
3591
3469
3455
3436
3423
3384
3341
3334
3310
3293
3280
3253
3239
3225
3207
3197
3196
3183
3152
3112
3108
3084
3077
3070
3065
3041
3026
3016
3014
3011
3009
3006
2975
2952
2937
2922
2869
2854
2847
2841
2828
2823
2821
2805
2796
2761
2757
2748
2740
2739
2717
2667
2659
2657
2654
2644
2621
2607
2607
2602
2598
2588
2572
2560
2556
2508
2489
2484
2478
2478
2476
2462
2448
2447
2444
2440
2416
2400
2396
2393
2392
2389
2370
2345
2330
2316
2315
2304
2296
2292
2286
2264
2245
2233
2231
2229
2226
2225
2220
2204
2204
2182
2181
2172
2166
2164
2163
2161
2147
2132
2131
2127
2124
2111
2110
2102
2092
2091
2078
2075
2071
2050
2039
2033
2030
2029
2027
2026
2023
2015
2011
1994
1994
1994
1993
1985
1980
1979
1978
1973
1970
1970
1963
1963
1959
1953
1951
1941
1938
1936
1924
1920
1915
1912
1912
1911
1911
1904
1901
1896
1890
1886
1879
1878
1874
1858
1855
1853
1848
1844
1841
1838
1832
1814
1810
1808
1791
1791
1787
1787
1786
1783
1779
1778
1777
1768
1762
1757
1755
1754
1752
1746
1740
1738
1728
1726
1716
1712
1711
1702
1702
1698
1693
1688
1688
1685
1679
1678
1674
1673
1672
1671
1667
1659
1656
1655
1655
1653
1650
1650
1646
1645
1644
1644
1642
1635
1635
1633
1632
1621
1619
1618
1618
1614
1612
1611
1611
1595
1593
1590
1584
1583
1583
1580
1577
1575
1574
1573
1571
1570
1562
1562
1560
1559
1557
1556
1555
1552
1547
1544
1544
1542
1539
1534
1529
1528
1527
1526
1523
1521
1521
1519
1519
1516
1512
1507
1502
1501
1499
1498
1498
1496
1493
1493
1488
1487
1487
1486
1481
1479
1478
1478
1475
1474
1473
1472
1464
1463
1454
1452
1448
1445
1444
1440
1435
1428
1423
1421
1421
1420
1418
1418
1414
1413
1413
1411
1405
1403
1398
1394
1392
1383
1382
1379
1378
1377
1377
1369
1369
1369
1369
1364
1357
1357
1356
1354
1351
1344
1343
1337
1333
1332
1332
1327
1326
1326
1323
1322
1322
1321
1317
1313
1309
1304
1296
1296
1295
1292
1288
1288
1286
1286
1283
1281
1281
1280
1279
1276
1270
1270
1268
1267
1267
1265
1258
1256
1255
1254
1254
1253
1252
1251
1250
1250
1247
1241
1237
1237
1236
1235
1234
1233
1233
1232
1232
1228
1228
1227
1226
1226
1225
1219
1218
1217
1213
1212
1208
1204
1203
1203
1201
1200
1195
1194
1189
1188
1181
1179
1178
1176
1176
1175
1174
1164
1163
1161
1156
1155
1153
1152
1151
1150
1149
1148
1147
1146
1143
1141
1140
1139
1136
1133
1131
1131
1130
1130
1129
1129
1129
1126
1126
1124
1123
1118
1118
1116
1114
1113
1108
1108
1106
1104
1102
1101
1101
1098
1098
1094
1092
1091
1091
1090
1087
1086
1085
1085
1081
1081
1081
1072
1070
1066
1066
1065
1064
1064
1063
1063
1054
1054
1047
1043
1042
1042
1040
1036
1033
1031
1029
1029
1029
1025
1023
1022
1020
1017
1014
1014
1012
1012
1007
1005
1004
1004
1002
1002
1000
999
995
994
992
989
989
987
985
984
982
981
976
976
975
974
972
972
969
968
968
967
962
960
960
958
958
958
955
954
953
952
951
950
945
945
944
942
939
938
936
936
936
936
935
935
934
934
933
931
929
928
926
924
923
922
922
921
920
918
917
915
914
910
906
904
901
901
901
901
900
899
897
895
893
885
881
876
872
872
869
868
865
864
863
861
859
858
857
856
853
850
847
844
844
842
841
839
839
837
837
833
832
831
830
828
827
827
826
825
825
823
820
819
816
815
813
812
812
811
811
811
810
810
809
807
806
802
802
799
798
797
796
796
794
794
792
792
790
787
786
785
783
781
779
774
771
771
769
769
764
761
759
759
758
757
757
756
756
756
754
753
752
752
749
748
746
745
745
740
740
739
737
736
736
735
729
728
726
726
726
725
724
722
721
720
720
719
716
715
714
711
708
706
704
703
703
703
702
702
702
701
700
700
699
696
695
691
690
690
689
686
683
677
672
672
671
670
667
666
666
665
665
665
663
663
662
661
659
659
659
656
654
651
649
647
646
644
643
642
640
639
639
637
636
635
635
634
634
633
633
632
632
629
628
628
627
627
626
625
624
622
620
620
617
613
613
609
609
606
606
605
604
603
603
602
601
601
597
596
596
595
595
589
588
588
585
582
581
580
580
578
578
577
577
577
576
575
575
575
573
571
570
568
566
565
564
564
563
562
562
560
559
558
554
553
550
546
545
544
544
540
533
528
528
526
526
525
525
521
521
519
519
516
516
516
514
513
513
511
509
509
507
507
506
505
503
502
501
496
496
495
494
493
492
491
490
487
486
483
481
481
481
479
479
477
477
475
475
474
473
471
470
470
467
466
463
461
457
455
453
453
451
451
450
450
448
448
448
445
441
441
438
437
436
436
434
433
430
430
428
427
427
426
425
424
423
423
422
422
420
419
417
416
416
415
414
414
412
412
411
411
411
409
408
408
407
402
399
396
395
394
392
392
389
389
388
386
385
383
380
380
377
374
371
370
368
366
366
365
364
362
361
361
361
360
359
358
353
351
349
347
345
345
345
343
343
338
337
336
334
334
331
327
325
319
315
314
313
312
312
311
309
307
301
300
299
299
297
296
294
293
288
287
282
280
279
276
276
275
275
274
272
271
270
269
269
264
262
261
261
259
256
251
249
249
248
248
245
244
243
238
237
236
234
234
234
232
232
230
230
228
228
225
224
222
221
219
218
217
217
209
207
206
204
203
198
195
194
191
189
188
188
186
183
182
181
180
180
180
178
177
175
174
171
171
170
167
166
162
162
160
158
158
158
156
154
153
152
151
150
150
149
148
147
147
146
145
145
145
144
143
143
143
143
142
141
130
127
124
123
119
117
116
115
115
112
110
109
108
107
107
106
106
103
102
101
101
101
100
